0.00000 0.80800 1.69100 3.27400 4.49600 5.58400 6.23200 6.57000 6.57000 6.23200 5.58400 4.49600 3.27400 1.69100 0.80800
0.80800 0.00000 0.80800 1.69100 3.27400 4.49600 5.58400 6.23200 6.57000 6.57000 6.23200 5.58400 4.49600 3.27400 1.69100
1.69100 0.80800 0.00000 0.80800 1.69100 3.27400 4.49600 5.58400 6.23200 6.57000 6.57000 6.23200 5.58400 4.49600 3.27400
3.27400 1.69100 0.80800 0.00000 0.80800 1.69100 3.27400 4.49600 5.58400 6.23200 6.57000 6.57000 6.23200 5.58400 4.49600
4.49600 3.27400 1.69100 0.80800 0.00000 0.80800 1.69100 3.27400 4.49600 5.58400 6.23200 6.57000 6.57000 6.23200 5.58400
5.58400 4.49600 3.27400 1.69100 0.80800 0.00000 0.80800 1.69100 3.27400 4.49600 5.58400 6.23200 6.57000 6.57000 6.23200
6.23200 5.58400 4.49600 3.27400 1.69100 0.80800 0.00000 0.80800 1.69100 3.27400 4.49600 5.58400 6.23200 6.57000 6.57000
6.57000 6.23200 5.58400 4.49600 3.27400 1.69100 0.80800 0.00000 0.80800 1.69100 3.27400 4.49600 5.58400 6.23200 6.57000
6.57000 6.57000 6.23200 5.58400 4.49600 3.27400 1.69100 0.80800 0.00000 0.80800 1.69100 3.27400 4.49600 5.58400 6.23200
6.23200 6.57000 6.57000 6.23200 5.58400 4.49600 3.27400 1.69100 0.80800 0.00000 0.80800 1.69100 3.27400 4.49600 5.58400
5.58400 6.23200 6.57000 6.57000 6.23200 5.58400 4.49600 3.27400 1.69100 0.80800 0.00000 0.80800 1.69100 3.27400 4.49600
4.49600 5.58400 6.23200 6.57000 6.57000 6.23200 5.58400 4.49600 3.27400 1.69100 0.80800 0.00000 0.80800 1.69100 3.27400
3.27400 4.49600 5.58400 6.23200 6.57000 6.57000 6.23200 5.58400 4.49600 3.27400 1.69100 0.80800 0.00000 0.80800 1.69100
1.69100 3.27400 4.49600 5.58400 6.23200 6.57000 6.57000 6.23200 5.58400 4.49600 3.27400 1.69100 0.80800 0.00000 0.80800
0.80800 1.69100 3.27400 4.49600 5.58400 6.23200 6.57000 6.57000 6.23200 5.58400 4.49600 3.27400 1.69100 0.80800 0.00000
