0.00000 1.53200 1.53200 1.53200 3.22500 7.78400 8.85000 8.85000 8.85000 8.85000 7.78400 6.97500 6.97500 6.97500 5.28200
1.53200 0.00000 0.36800 0.36800 1.53200 6.97500 8.49500 8.49500 8.49500 8.85000 8.85000 8.49500 8.49500 8.49500 6.97500
1.53200 0.36800 0.00000 0.36800 1.53200 6.97500 8.49500 8.49500 8.49500 8.85000 8.85000 8.49500 8.49500 8.49500 6.97500
1.53200 0.36800 0.36800 0.00000 1.53200 6.97500 8.49500 8.49500 8.49500 8.85000 8.85000 8.49500 8.49500 8.49500 6.97500
3.22500 1.53200 1.53200 1.53200 0.00000 5.28200 6.97500 6.97500 6.97500 7.78400 8.85000 8.85000 8.85000 8.85000 7.78400
7.78400 6.97500 6.97500 6.97500 5.28200 0.00000 1.53200 1.53200 1.53200 3.22500 7.78400 8.85000 8.85000 8.85000 8.85000
8.85000 8.49500 8.49500 8.49500 6.97500 1.53200 0.00000 0.36800 0.36800 1.53200 6.97500 8.49500 8.49500 8.49500 8.85000
8.85000 8.49500 8.49500 8.49500 6.97500 1.53200 0.36800 0.00000 0.36800 1.53200 6.97500 8.49500 8.49500 8.49500 8.85000
8.85000 8.49500 8.49500 8.49500 6.97500 1.53200 0.36800 0.36800 0.00000 1.53200 6.97500 8.49500 8.49500 8.49500 8.85000
8.85000 8.85000 8.85000 8.85000 7.78400 3.22500 1.53200 1.53200 1.53200 0.00000 5.28200 6.97500 6.97500 6.97500 7.78400
7.78400 8.85000 8.85000 8.85000 8.85000 7.78400 6.97500 6.97500 6.97500 5.28200 0.00000 1.53200 1.53200 1.53200 3.22500
6.97500 8.49500 8.49500 8.49500 8.85000 8.85000 8.49500 8.49500 8.49500 6.97500 1.53200 0.00000 0.36800 0.36800 1.53200
6.97500 8.49500 8.49500 8.49500 8.85000 8.85000 8.49500 8.49500 8.49500 6.97500 1.53200 0.36800 0.00000 0.36800 1.53200
6.97500 8.49500 8.49500 8.49500 8.85000 8.85000 8.49500 8.49500 8.49500 6.97500 1.53200 0.36800 0.36800 0.00000 1.53200
5.28200 6.97500 6.97500 6.97500 7.78400 8.85000 8.85000 8.85000 8.85000 7.78400 3.22500 1.53200 1.53200 1.53200 0.00000
